[[[runtime]]]
[[transaction]] 0
1
0
[[/transaction]] 
[[transaction]] 1
0
[[/transaction]] 
[[transaction]] 2
81
80
79
78
77
76
75
74
73
72
71
70
69
68
67
66
65
64
63
62
61
60
59
58
57
56
55
54
53
52
51
50
49
48
47
46
45
44
43
42
41
40
39
38
37
36
35
34
33
32
31
30
29
28
27
26
25
24
23
22
21
20
19
18
17
16
15
14
13
12
11
10
9
8
7
6
5
4
3
2
1
0
[[/transaction]] 
[[transaction]] 3
1
0
[[/transaction]] 
[[transaction]] 4
1
0
[[/transaction]] 
[[transaction]] 5
0
[[/transaction]] 
[[transaction]] 6
36
35
34
33
32
31
30
29
28
27
26
25
24
23
22
21
20
19
18
17
16
15
14
13
12
11
10
9
8
7
6
5
4
3
2
1
0
[[/transaction]] 
[[transaction]] 7
64
63
62
61
60
59
58
57
56
55
54
53
52
51
50
49
48
47
46
45
44
43
42
41
40
39
38
37
36
35
34
33
32
31
30
29
28
27
26
25
24
23
22
21
20
19
18
17
16
15
14
13
12
11
10
9
8
7
6
5
4
3
2
1
0
[[/transaction]] 
[[transaction]] 8
16
15
14
13
12
11
10
9
8
7
6
5
4
3
2
1
0
[[/transaction]] 
[[transaction]] 9
49
48
47
46
45
44
43
42
41
40
39
38
37
36
35
34
33
32
31
30
29
28
27
26
25
24
23
22
21
20
19
18
17
16
15
14
13
12
11
10
9
8
7
6
5
4
3
2
1
0
[[/transaction]] 
[[transaction]] 10
1
0
[[/transaction]] 
[[transaction]] 11
0
[[/transaction]] 
[[transaction]] 12
0
[[/transaction]] 
[[transaction]] 13
16
15
14
13
12
11
10
9
8
7
6
5
4
3
2
1
0
[[/transaction]] 
[[transaction]] 14
1
0
[[/transaction]] 
[[transaction]] 15
36
35
34
33
32
31
30
29
28
27
26
25
24
23
22
21
20
19
18
17
16
15
14
13
12
11
10
9
8
7
6
5
4
3
2
1
0
[[/transaction]] 
[[transaction]] 16
36
35
34
33
32
31
30
29
28
27
26
25
24
23
22
21
20
19
18
17
16
15
14
13
12
11
10
9
8
7
6
5
4
3
2
1
0
[[/transaction]] 
[[transaction]] 17
4
3
2
1
0
[[/transaction]] 
[[transaction]] 18
25
24
23
22
21
20
19
18
17
16
15
14
13
12
11
10
9
8
7
6
5
4
3
2
1
0
[[/transaction]] 
[[transaction]] 19
64
63
62
61
60
59
58
57
56
55
54
53
52
51
50
49
48
47
46
45
44
43
42
41
40
39
38
37
36
35
34
33
32
31
30
29
28
27
26
25
24
23
22
21
20
19
18
17
16
15
14
13
12
11
10
9
8
7
6
5
4
3
2
1
0
[[/transaction]] 
[[transaction]] 20
81
80
79
78
77
76
75
74
73
72
71
70
69
68
67
66
65
64
63
62
61
60
59
58
57
56
55
54
53
52
51
50
49
48
47
46
45
44
43
42
41
40
39
38
37
36
35
34
33
32
31
30
29
28
27
26
25
24
23
22
21
20
19
18
17
16
15
14
13
12
11
10
9
8
7
6
5
4
3
2
1
0
[[/transaction]] 
[[transaction]] 21
4
3
2
1
0
[[/transaction]] 
[[transaction]] 22
81
80
79
78
77
76
75
74
73
72
71
70
69
68
67
66
65
64
63
62
61
60
59
58
57
56
55
54
53
52
51
50
49
48
47
46
45
44
43
42
41
40
39
38
37
36
35
34
33
32
31
30
29
28
27
26
25
24
23
22
21
20
19
18
17
16
15
14
13
12
11
10
9
8
7
6
5
4
3
2
1
0
[[/transaction]] 
[[transaction]] 23
1
0
[[/transaction]] 
[[transaction]] 24
16
15
14
13
12
11
10
9
8
7
6
5
4
3
2
1
0
[[/transaction]] 
[[transaction]] 25
36
35
34
33
32
31
30
29
28
27
26
25
24
23
22
21
20
19
18
17
16
15
14
13
12
11
10
9
8
7
6
5
4
3
2
1
0
[[/transaction]] 
[[transaction]] 26
16
15
14
13
12
11
10
9
8
7
6
5
4
3
2
1
0
[[/transaction]] 
[[transaction]] 27
36
35
34
33
32
31
30
29
28
27
26
25
24
23
22
21
20
19
18
17
16
15
14
13
12
11
10
9
8
7
6
5
4
3
2
1
0
[[/transaction]] 
[[transaction]] 28
49
48
47
46
45
44
43
42
41
40
39
38
37
36
35
34
33
32
31
30
29
28
27
26
25
24
23
22
21
20
19
18
17
16
15
14
13
12
11
10
9
8
7
6
5
4
3
2
1
0
[[/transaction]] 
[[transaction]] 29
64
63
62
61
60
59
58
57
56
55
54
53
52
51
50
49
48
47
46
45
44
43
42
41
40
39
38
37
36
35
34
33
32
31
30
29
28
27
26
25
24
23
22
21
20
19
18
17
16
15
14
13
12
11
10
9
8
7
6
5
4
3
2
1
0
[[/transaction]] 
[[transaction]] 30
16
15
14
13
12
11
10
9
8
7
6
5
4
3
2
1
0
[[/transaction]] 
[[transaction]] 31
81
80
79
78
77
76
75
74
73
72
71
70
69
68
67
66
65
64
63
62
61
60
59
58
57
56
55
54
53
52
51
50
49
48
47
46
45
44
43
42
41
40
39
38
37
36
35
34
33
32
31
30
29
28
27
26
25
24
23
22
21
20
19
18
17
16
15
14
13
12
11
10
9
8
7
6
5
4
3
2
1
0
[[/transaction]] 
[[transaction]] 32
49
48
47
46
45
44
43
42
41
40
39
38
37
36
35
34
33
32
31
30
29
28
27
26
25
24
23
22
21
20
19
18
17
16
15
14
13
12
11
10
9
8
7
6
5
4
3
2
1
0
[[/transaction]] 
[[transaction]] 33
49
48
47
46
45
44
43
42
41
40
39
38
37
36
35
34
33
32
31
30
29
28
27
26
25
24
23
22
21
20
19
18
17
16
15
14
13
12
11
10
9
8
7
6
5
4
3
2
1
0
[[/transaction]] 
[[transaction]] 34
49
48
47
46
45
44
43
42
41
40
39
38
37
36
35
34
33
32
31
30
29
28
27
26
25
24
23
22
21
20
19
18
17
16
15
14
13
12
11
10
9
8
7
6
5
4
3
2
1
0
[[/transaction]] 
[[transaction]] 35
49
48
47
46
45
44
43
42
41
40
39
38
37
36
35
34
33
32
31
30
29
28
27
26
25
24
23
22
21
20
19
18
17
16
15
14
13
12
11
10
9
8
7
6
5
4
3
2
1
0
[[/transaction]] 
[[transaction]] 36
81
80
79
78
77
76
75
74
73
72
71
70
69
68
67
66
65
64
63
62
61
60
59
58
57
56
55
54
53
52
51
50
49
48
47
46
45
44
43
42
41
40
39
38
37
36
35
34
33
32
31
30
29
28
27
26
25
24
23
22
21
20
19
18
17
16
15
14
13
12
11
10
9
8
7
6
5
4
3
2
1
0
[[/transaction]] 
[[transaction]] 37
25
24
23
22
21
20
19
18
17
16
15
14
13
12
11
10
9
8
7
6
5
4
3
2
1
0
[[/transaction]] 
[[transaction]] 38
0
[[/transaction]] 
[[transaction]] 39
1
0
[[/transaction]] 
[[transaction]] 40
49
48
47
46
45
44
43
42
41
40
39
38
37
36
35
34
33
32
31
30
29
28
27
26
25
24
23
22
21
20
19
18
17
16
15
14
13
12
11
10
9
8
7
6
5
4
3
2
1
0
[[/transaction]] 
[[transaction]] 41
81
80
79
78
77
76
75
74
73
72
71
70
69
68
67
66
65
64
63
62
61
60
59
58
57
56
55
54
53
52
51
50
49
48
47
46
45
44
43
42
41
40
39
38
37
36
35
34
33
32
31
30
29
28
27
26
25
24
23
22
21
20
19
18
17
16
15
14
13
12
11
10
9
8
7
6
5
4
3
2
1
0
[[/transaction]] 
[[transaction]] 42
49
48
47
46
45
44
43
42
41
40
39
38
37
36
35
34
33
32
31
30
29
28
27
26
25
24
23
22
21
20
19
18
17
16
15
14
13
12
11
10
9
8
7
6
5
4
3
2
1
0
[[/transaction]] 
[[transaction]] 43
49
48
47
46
45
44
43
42
41
40
39
38
37
36
35
34
33
32
31
30
29
28
27
26
25
24
23
22
21
20
19
18
17
16
15
14
13
12
11
10
9
8
7
6
5
4
3
2
1
0
[[/transaction]] 
[[transaction]] 44
0
[[/transaction]] 
[[transaction]] 45
36
35
34
33
32
31
30
29
28
27
26
25
24
23
22
21
20
19
18
17
16
15
14
13
12
11
10
9
8
7
6
5
4
3
2
1
0
[[/transaction]] 
[[transaction]] 46
81
80
79
78
77
76
75
74
73
72
71
70
69
68
67
66
65
64
63
62
61
60
59
58
57
56
55
54
53
52
51
50
49
48
47
46
45
44
43
42
41
40
39
38
37
36
35
34
33
32
31
30
29
28
27
26
25
24
23
22
21
20
19
18
17
16
15
14
13
12
11
10
9
8
7
6
5
4
3
2
1
0
[[/transaction]] 
[[transaction]] 47
49
48
47
46
45
44
43
42
41
40
39
38
37
36
35
34
33
32
31
30
29
28
27
26
25
24
23
22
21
20
19
18
17
16
15
14
13
12
11
10
9
8
7
6
5
4
3
2
1
0
[[/transaction]] 
[[transaction]] 48
4
3
2
1
0
[[/transaction]] 
[[transaction]] 49
36
35
34
33
32
31
30
29
28
27
26
25
24
23
22
21
20
19
18
17
16
15
14
13
12
11
10
9
8
7
6
5
4
3
2
1
0
[[/transaction]] 
[[transaction]] 50
36
35
34
33
32
31
30
29
28
27
26
25
24
23
22
21
20
19
18
17
16
15
14
13
12
11
10
9
8
7
6
5
4
3
2
1
0
[[/transaction]] 
[[transaction]] 51
4
3
2
1
0
[[/transaction]] 
[[transaction]] 52
25
24
23
22
21
20
19
18
17
16
15
14
13
12
11
10
9
8
7
6
5
4
3
2
1
0
[[/transaction]] 
[[transaction]] 53
36
35
34
33
32
31
30
29
28
27
26
25
24
23
22
21
20
19
18
17
16
15
14
13
12
11
10
9
8
7
6
5
4
3
2
1
0
[[/transaction]] 
[[transaction]] 54
81
80
79
78
77
76
75
74
73
72
71
70
69
68
67
66
65
64
63
62
61
60
59
58
57
56
55
54
53
52
51
50
49
48
47
46
45
44
43
42
41
40
39
38
37
36
35
34
33
32
31
30
29
28
27
26
25
24
23
22
21
20
19
18
17
16
15
14
13
12
11
10
9
8
7
6
5
4
3
2
1
0
[[/transaction]] 
[[transaction]] 55
1
0
[[/transaction]] 
[[transaction]] 56
9
8
7
6
5
4
3
2
1
0
[[/transaction]] 
[[transaction]] 57
1
0
[[/transaction]] 
[[transaction]] 58
25
24
23
22
21
20
19
18
17
16
15
14
13
12
11
10
9
8
7
6
5
4
3
2
1
0
[[/transaction]] 
[[transaction]] 59
49
48
47
46
45
44
43
42
41
40
39
38
37
36
35
34
33
32
31
30
29
28
27
26
25
24
23
22
21
20
19
18
17
16
15
14
13
12
11
10
9
8
7
6
5
4
3
2
1
0
[[/transaction]] 
[[transaction]] 60
4
3
2
1
0
[[/transaction]] 
[[transaction]] 61
4
3
2
1
0
[[/transaction]] 
[[transaction]] 62
64
63
62
61
60
59
58
57
56
55
54
53
52
51
50
49
48
47
46
45
44
43
42
41
40
39
38
37
36
35
34
33
32
31
30
29
28
27
26
25
24
23
22
21
20
19
18
17
16
15
14
13
12
11
10
9
8
7
6
5
4
3
2
1
0
[[/transaction]] 
[[transaction]] 63
49
48
47
46
45
44
43
42
41
40
39
38
37
36
35
34
33
32
31
30
29
28
27
26
25
24
23
22
21
20
19
18
17
16
15
14
13
12
11
10
9
8
7
6
5
4
3
2
1
0
[[/transaction]] 
[[transaction]] 64
25
24
23
22
21
20
19
18
17
16
15
14
13
12
11
10
9
8
7
6
5
4
3
2
1
0
[[/transaction]] 
[[transaction]] 65
64
63
62
61
60
59
58
57
56
55
54
53
52
51
50
49
48
47
46
45
44
43
42
41
40
39
38
37
36
35
34
33
32
31
30
29
28
27
26
25
24
23
22
21
20
19
18
17
16
15
14
13
12
11
10
9
8
7
6
5
4
3
2
1
0
[[/transaction]] 
[[transaction]] 66
0
[[/transaction]] 
[[transaction]] 67
0
[[/transaction]] 
[[transaction]] 68
1
0
[[/transaction]] 
[[transaction]] 69
25
24
23
22
21
20
19
18
17
16
15
14
13
12
11
10
9
8
7
6
5
4
3
2
1
0
[[/transaction]] 
[[transaction]] 70
49
48
47
46
45
44
43
42
41
40
39
38
37
36
35
34
33
32
31
30
29
28
27
26
25
24
23
22
21
20
19
18
17
16
15
14
13
12
11
10
9
8
7
6
5
4
3
2
1
0
[[/transaction]] 
[[transaction]] 71
49
48
47
46
45
44
43
42
41
40
39
38
37
36
35
34
33
32
31
30
29
28
27
26
25
24
23
22
21
20
19
18
17
16
15
14
13
12
11
10
9
8
7
6
5
4
3
2
1
0
[[/transaction]] 
[[transaction]] 72
36
35
34
33
32
31
30
29
28
27
26
25
24
23
22
21
20
19
18
17
16
15
14
13
12
11
10
9
8
7
6
5
4
3
2
1
0
[[/transaction]] 
[[transaction]] 73
4
3
2
1
0
[[/transaction]] 
[[transaction]] 74
16
15
14
13
12
11
10
9
8
7
6
5
4
3
2
1
0
[[/transaction]] 
[[transaction]] 75
81
80
79
78
77
76
75
74
73
72
71
70
69
68
67
66
65
64
63
62
61
60
59
58
57
56
55
54
53
52
51
50
49
48
47
46
45
44
43
42
41
40
39
38
37
36
35
34
33
32
31
30
29
28
27
26
25
24
23
22
21
20
19
18
17
16
15
14
13
12
11
10
9
8
7
6
5
4
3
2
1
0
[[/transaction]] 
[[transaction]] 76
0
[[/transaction]] 
[[transaction]] 77
1
0
[[/transaction]] 
[[transaction]] 78
36
35
34
33
32
31
30
29
28
27
26
25
24
23
22
21
20
19
18
17
16
15
14
13
12
11
10
9
8
7
6
5
4
3
2
1
0
[[/transaction]] 
[[transaction]] 79
36
35
34
33
32
31
30
29
28
27
26
25
24
23
22
21
20
19
18
17
16
15
14
13
12
11
10
9
8
7
6
5
4
3
2
1
0
[[/transaction]] 
[[transaction]] 80
25
24
23
22
21
20
19
18
17
16
15
14
13
12
11
10
9
8
7
6
5
4
3
2
1
0
[[/transaction]] 
[[transaction]] 81
1
0
[[/transaction]] 
[[transaction]] 82
1
0
[[/transaction]] 
[[transaction]] 83
81
80
79
78
77
76
75
74
73
72
71
70
69
68
67
66
65
64
63
62
61
60
59
58
57
56
55
54
53
52
51
50
49
48
47
46
45
44
43
42
41
40
39
38
37
36
35
34
33
32
31
30
29
28
27
26
25
24
23
22
21
20
19
18
17
16
15
14
13
12
11
10
9
8
7
6
5
4
3
2
1
0
[[/transaction]] 
[[transaction]] 84
36
35
34
33
32
31
30
29
28
27
26
25
24
23
22
21
20
19
18
17
16
15
14
13
12
11
10
9
8
7
6
5
4
3
2
1
0
[[/transaction]] 
[[transaction]] 85
0
[[/transaction]] 
[[transaction]] 86
16
15
14
13
12
11
10
9
8
7
6
5
4
3
2
1
0
[[/transaction]] 
[[transaction]] 87
16
15
14
13
12
11
10
9
8
7
6
5
4
3
2
1
0
[[/transaction]] 
[[transaction]] 88
1
0
[[/transaction]] 
[[transaction]] 89
25
24
23
22
21
20
19
18
17
16
15
14
13
12
11
10
9
8
7
6
5
4
3
2
1
0
[[/transaction]] 
[[transaction]] 90
36
35
34
33
32
31
30
29
28
27
26
25
24
23
22
21
20
19
18
17
16
15
14
13
12
11
10
9
8
7
6
5
4
3
2
1
0
[[/transaction]] 
[[transaction]] 91
49
48
47
46
45
44
43
42
41
40
39
38
37
36
35
34
33
32
31
30
29
28
27
26
25
24
23
22
21
20
19
18
17
16
15
14
13
12
11
10
9
8
7
6
5
4
3
2
1
0
[[/transaction]] 
[[transaction]] 92
1
0
[[/transaction]] 
[[transaction]] 93
64
63
62
61
60
59
58
57
56
55
54
53
52
51
50
49
48
47
46
45
44
43
42
41
40
39
38
37
36
35
34
33
32
31
30
29
28
27
26
25
24
23
22
21
20
19
18
17
16
15
14
13
12
11
10
9
8
7
6
5
4
3
2
1
0
[[/transaction]] 
[[transaction]] 94
16
15
14
13
12
11
10
9
8
7
6
5
4
3
2
1
0
[[/transaction]] 
[[transaction]] 95
4
3
2
1
0
[[/transaction]] 
[[transaction]] 96
4
3
2
1
0
[[/transaction]] 
[[transaction]] 97
36
35
34
33
32
31
30
29
28
27
26
25
24
23
22
21
20
19
18
17
16
15
14
13
12
11
10
9
8
7
6
5
4
3
2
1
0
[[/transaction]] 
[[transaction]] 98
25
24
23
22
21
20
19
18
17
16
15
14
13
12
11
10
9
8
7
6
5
4
3
2
1
0
[[/transaction]] 
[[transaction]] 99
81
80
79
78
77
76
75
74
73
72
71
70
69
68
67
66
65
64
63
62
61
60
59
58
57
56
55
54
53
52
51
50
49
48
47
46
45
44
43
42
41
40
39
38
37
36
35
34
33
32
31
30
29
28
27
26
25
24
23
22
21
20
19
18
17
16
15
14
13
12
11
10
9
8
7
6
5
4
3
2
1
0
[[/transaction]] 
[[[/runtime]]]
